1
3
4
5
6
7
8
9
10
11
12
13
14
15
16
17
18
19
20
21
22
23
24
25
26
27
28
29
30
31
32
33
34
35
36
37
39
41
42
43
44
45
46
47
48
49
50
51
52
53
54
55
56
57
59
60
61
62
63
64
65
66
67
68
69
70
71
72
73
74
75
76
77
78
79
80
81
82
83
84
85
86
87
88
89
90
91
92
93
94
95
96
97
98
99
100
101
102
103
104
105
106
107
108
109
110
111
112
113
114
115
116
117
118
129
130
131
135
136
137
138
139
141
142
143
144
145
146
147
148
149
150
151
152
153
154
155
156
158
159
160
161
162
163
164
165
166
167
168
169
170
171
172
173
174
175
176
177
178
179
180
181
182
183
184
185
186
187
188
189
190
191
192
193
194
195
196
197
198
199
200
201
202
203
204
205
206
207
208
209
210
211
212
213
214
215
216
217
218
219
220
221
222
223
224
225
226
227
228
229
230
231
232
233
234
236
237
238
239
240
241
242
243
244
245
246
247
248
249
250
251
252
253
254
255
256
257
258
259
260
261
262
263
264
265
266
267
268
269
270
271
272
273
274
275
276
277
278
279
280
281
282
283
284
285
286
287
288
289
290
293
294
295
296
297
298
299
300
301
302
303
304
305
306
307
308
309
310
311
312
313
314
315
316
317
318
319
320
321
322
323
324
325
326
327
328
329
330
331
332
333
334
335
336
337
338
339
340
341
342
343
344
345
346
347
348
349
350
351
352
353
354
355
356
357
358
359
360
361
362
363
364
365
366
367
368
369
370
371
372
373
374
375
376
377
378
379
380
381
382
383
384
385
387
388
389
390
391
392
393
394
395
396
397
398
399
400
401
402
403
404
405
406
407
408
409
410
411
412
413
414
415
416
417
418
419
420
421
422
423
424
425
426
427
428
429
430
431
432
433
434
435
436
437
438
439
440
441
442
443
444
445
446
447
448
449
450
451
452
453
454
455
456
457
458
459
460
461
462
463
464
465
466
467
468
469
470
471
472
473
474
475
476
477
478
479
480
481
482
483
484
485
486
487
488
489
490
491
492
493
494
495
496
497
498
499
500
501
502
503
504
505
506
507
508
510
512
513
514
515
516
517
518
519
520
521
522
523
524
525
526
527
528
529
530
531
532
533
534
535
536
537
538
539
540
541
542
543
544
545
546
547
548
549
550
551
552
553
554
555
556
557
558
559
560
561
562
563
564
565
566
567
568
569
570
571
572
573
574
575
576
577
578
579
580
581
582
583
584
585
586
587
588
589
590
591
593
594
595
596
597
598
599
600
601
602
603
604
605
606
607
608
609
610
611
612
613
614
615
616
617
618
619
620
621
622
623
624
625
626
627
628
629
631
632
633
634
635
636
637
638
639
640
641
642
643
644
645
646
647
648
649
651
652
653
654
655
656
657
658
659
660
661
662
663
664
665
666
668
669
670
671
672
673
674
675
676
677
678
679
680
681
682
683
684
685
686
687
688
689
690
691
692
693
694
695
696
697
698
699
700
701
702
703
704
705
706
707
708
709
710
711
712
713
714
715
716
717
718
719
720
721
722
723
724
725
726
727
728
729
730
731
732
733
734
735
736
737
738
739
740
741
742
743
744
745
746
747
748
749
750
751
752
753
754
755
756
757
758
759
760
761
762
763
764
765
766
767
768
769
770
771
772
773
774
775
776
777
778
779
780
783
784
785
786
787
788
789
790
791
792
793
794
795
796
797
798
799
800
801
802
803
804
805
806
807
808
809
810
811
812
813
814
815
816
817
818
819
820
821
822
823
824
825
826
827
828
829
830
831
832
833
834
835
836
837
838
839
840
841
842
843
844
846
847
848
849
850
851
852
853
854
855
856
857
858
859
860
861
862
863
864
865
866
867
868
869
870
871
872
873
874
875
876
877
878
879
880
881
882
883
884
885
886
887
888
889
890
891
892
893
894
895
896
897
898
899
900
901
902
903
904
905
906
907
908
909
910
911
912
913
914
915
916
917
918
919
920
921
922
923
924
925
926
927
928
929
930
931
932
933
934
935
936
937
938
939
940
941
942
943
944
945
946
947
948
949
950
951
952
953
954
955
956
957
958
959
960
963
964
965
966
967
968
969
970
971
972
973
974
975
976
977
978
979
980
981
982
983
984
985
986
987
988
989
990
991
992
993
994
995
996
997
998
999
1000
1001
1002
1003
1004
1005
1006
1007
1008
1009
1010
1012
1013
1014
1015
1016
1017
1018
1019
1021
1022
1023
1024
1025
1026
1027
1028
1029
1030
1031
1032
1033
1034
1035
1036
1037
1038
1039
1040
1042
1043
1044
1045
1046
1048
1050
1051
1052
1053
1054
1055
1056
1057
1058
1059
1060
1061
1062
1063
1064
1065
1066
1067
1068
1069
1070
1071
1072
1073
1074
1075
1076
1077
1078
1079
1080
1081
1082
1083
1084
1085
1086
1087
1088
1089
1090
1091
1092
1093
1094
1096
1097
1098
1099
1100
1101
1102
1103
1104
1105
1106
1107
1108
1109
1110
1111
1112
1113
1114
1115
1116
1117
1118
1119
1120
1121
1122
1123
1124
1125
1126
1127
1128
1129
1130
1131
1132
1134
1138
1139
1140
1141
1142
1143
1144
1145
1146
1147
1148
1149
1150
1151
1152
1153
1154
1155
1156
1157
1158
1159
1160
1161
1162
1163
1164
1165
1166
1167
1168
1169
1170
1171
1172
1173
1174
1175
1176
1177
1179
1180
1181
1182
1183
1184
1185
1186
1187
1188
1189
1190
1191
1192
1194
1195
1196
1197
1198
1199
1200
1201
1202
1203
1204
1205
1206
1207
1208
1209
1211
1212
1213
1214
1215
1216
1217
1218
1219
1220
1221
1222
1223
1224
1225
1226
1227
1228
1229
1230
1231
1232
1233
1234
1235
1236
1237
1238
1239
1240
1241
1242
1243
1244
1245
1246
1247
1248
1249
1250
1251
1252
1253
1254
1255
1256
1257
1258
1259
1260
1261
1262
1263
1264
1265
1266
1267
1268
1269
1270
1271
1272
1273
1274
1275
1276
1277
1278
1279
1280
1281
1282
1283
1284
1285
1286
1287
1288
1289
1290
1291
1292
1293
1294
1295
1296
1297
1298
1299
1300
1301
1302
1303
1304
1305
1306
1307
1308
1309
1310
1311
1312
1313
1314
1315
1316
1317
1318
1319
1320
1321
1322
1323
1324
1325
1326
1327
1328
1329
1330
1331
1332
1333
1334
1335
1336
1337
1338
1339
1340
1341
1342
1343
1344
1345
1346
1347
1348
1349
1350
1351
1352
1353
1354
1355
1356
1357
1358
1359
1360
1361
1362
1363
1364
1365
1366
1367
1368
1369
1370
1371
1372
1373
1374
1375
1376
1377
1378
1379
1380
1381
1382
1383
1384
1385
1386
1387
1388
1389
1390
1391
1392
1393
1394
1395
1396
1397
1398
1399
1400
1401
1402
1403
1404
1405
1406
1407
1408
1409
1410
1411
1412
1413
1414
1415
1416
1417
1418
1419
1420
1421
1422
1423
1424
1425
1426
1427
1428
1429
1430
1431
1432
1433
1434
1435
1436
1437
1438
1439
1440
1441
1442
1443
1444
1445
1446
1447
1448
1449
1450
1451
1452
1453
1454
1455
1456
1457
1458
1459
1460
1461
1462
1463
1464
1465
1466
1467
1468
1469
1470
1471
1473
1474
1475
1476
1477
1478
1479
1480
1481
1482
1483
1484
1485
1486
1487
1488
1489
1490
1491
1492
1493
1494
1495
1496
1497
1498
1499
1500
1501
1502
1503
1504
1505
1506
1507
1508
1509
1510
1511
1512
1513
1514
1515
1516
1517
1518
1519
1520
1521
1522
1523
1524
1525
1526
1527
1528
1529
1530
1531
1532
1533
1534
1535
1536
1537
1538
1539
1540
1541
1542
1543
1544
1545
1546
1547
1548
1549
1550
1551
1552
1554
1555
1556
1563
1644
1669
1671
1904
2011
2066
2117
2976
3161
3163
3181
3288
3308
3310
3311
3322
3335
3435
3460
3470
3471
3474
3493
3503
3513
3520
3535
3536
3537
3563
3594
3598
3599
3629
3630
3670
3671
3674
3738
3739
3814
3861
3870
3960
3991
4039
4072
4227
4228
4331
4402
4414
4426
4435
4652
4784
4982
4983
4985
5022
5055
5056
5057
5058
5198
5200
5274
5275
5359
5427
5437
5509
5511
5512
5515
5518
5519
5520
5521
5522
5523
5524
5525
5526
5527
5528
5529
5530
5531
5532
5533
5534
5535
5536
5537
5538
5539
5540
5541
5542
5543
5544
5545
5546
5547
5548
5549
5550
5551
5552
5553
5554
5555
5556
5557
5558
5559
5560
5561
5562
5563
5564
5565
5566
5567
5568
5569
5570
5571
5572
5573
5574
5575
5576
5577
5578
5579
5580
5581
5582
5583
5584
5585
5586
5587
5588
5589
5590
5591
5592
5593
5594
5595
5596
5597
5598
5599
5600
5601
5602
5603
5604
5605
5606
5607
5608
5609
5610
5611
5612
5613
5614
5615
5616
5617
5618
5619
5620
5621
5622
5623
5624
5625
5626
5627
5628
5629
5630
5631
5632
5633
5634
5635
5636
5637
5638
5639
5640
5641
5642
5643
5644
5645
5646
5647
5648
5649
5650
5651
5652
5653
5654
5655
5656
5657
5658
5659
5660
5661
5662
5663
5664
5665
5666
5667
5668
5669
5670
5671
5672
5673
5674
5675
5676
5677
5678
5679
5680
5681
5682
5683
5684
5685
5686
5687
5688
5689
5690
5691
5692
5693
5694
5695
5696
5697
5698
5699
5700
5701
5702
5703
5704
5705
5706
5707
5708
5709
5710
5711
5712
5713
5714
5715
5716
5717
5718
5719
5720
5721
5722
5723
5724
5725
5726
5727
5728
5729
5730
5731
5732
5733
5734
5735
5736
5737
5738
5739
5740
5741
5742
5743
5744
5745
5746
5747
5748
5749
5750
5751
5752
5753
5754
5755
5756
5757
5758
5759
5760
5761
5762
5763
5764
5765
5766
5767
5768
5769
5770
5771
5772
5773
5774
5775
5776
5777
5778
5779
5780
5781
5782
5783
5784
5785
5786
5787
5788
5789
5790
5791
5792
5793
5794
5795
5796
5797
5798
5799
5800
5801
5802
5803
5804
5805
5806
5807
5808
5809
5810
5811
5812
5813
5814
5815
5816
5817
5818
5819
5820
5821
5822
5823
5824
5825
5826
5827
5828
5829
5830
5831
5832
5833
5834
5835
5836
5837
5838
5839
5840
5841
5842
5843
5844
5845
5846
5847
5848
5849
5850
5851
5852
5853
5854
5855
5856
5857
5858
5859
5860
5861
5862
5863
5864
5865
5866
5867
5868
5869
5870
5871
5873
5875
5876
5877
5878
5879
5880
5881
5882
5883
5884
5885
5886
5887
5888
5889
5890
5891
5892
5893
5894
5895
5896
5897
5898
5899
5900
5901
5902
5903
5904
5905
5906
5907
5908
5909
5910
5911
5912
5913
5914
5915
5916
5917
5918
5919
5920
5921
5922
5923
5924
5925
5926
5927
5928
5929
5930
5931
5932
5933
5934
5935
5936
5937
5938
5939
5940
5941
5942
5943
5944
5945
5946
5947
5948
5949
5950
5951
5952
5953
5954
5955
5956
5957
5958
5959
5960
5961
5962
5963
5964
5965
5966
5967
5968
5969
5970
5971
5972
5973
5974
5975
5977
5978
5979
5980
5981
5982
5983
5984
5985
5986
5987
5988
5989
5990
5991
5992
5993
5994
5995
5996
5997
5998
5999
6000
6001
6002
6003
6004
6005
6006
6007
6008
6009
6010
6011
6012
6013
6014
6015
6016
6017
6018
6019
6020
6021
6022
6023
6024
6025
6026
6027
6028
6029
6030
6031
6032
6033
6034
6035
6036
6037
6038
6039
6040
6041
6042
6043
6044
6045
6046
6047
6048
6049
6050
6051
6052
6053
6054
6055
6056
6057
6058
6059
6060
6061
6062
6063
6064
6065
6066
6067
6068
6069
6070
6071
6072
6073
6074
6075
6076
6077
6078
6079
6080
6081
6082
6083
6084
6085
6086
6087
6088
6089
6091
6092
6093
6094
6095
6096
6097
6098
6099
6100
6101
6102
6103
6104
6105
6106
6107
6108
6109
6112
6113
6114
6115
6116
6117
6118
6119
6120
6121
6122
6123
6124
6125
6126
6127
6128
6129
6131
6132
6133
6134
6135
6136
6137
6138
6139
6141
6142
6143
6144
6145
6146
6147
6148
6149
6150
6151
6152
6153
6154
6155
6156
6157
6158
6159
6160
6161
6162
6163
6164
6165
6166
6167
6168
6169
6170
6171
6172
6173
6174
6175
6176
6177
6178
6180
6181
6182
6185
6186
6187
6188
6190
6191
6192
6193
6194
6195
6196
6197
6198
6199
6200
6201
6202
6203
6204
6205
6206
6207
6208
6209
6210
6211
6212
6213
6214
6215
6216
6217
6218
6219
6220
6221
6222
6223
6224
6225
6226
6227
6228
6229
6230
6231
6232
6233
6234
6235
6236
6237
6238
6239
6240
6241
6242
6243
6244
6245
6246
6247
6248
6249
6250
6251
6252
6253
6254
6255
6256
6257
6258
6259
6260
6261
6262
6263
6264
6265
6266
6267
6268
6269
6270
6271
6272
6273
6274
6275
6276
6277
6278
6279
6280
6281
6282
6283
6284
6285
6286
6287
6288
6289
6290
6291
6292
6293
6294
6295
6296
6297
6298
6299
6300
6301
6302
6303
6304
6305
6306
6307
6308
6309
6310
6311
6312
6314
6315
6316
6317
6318
6319
6320
6321
6322
6323
6324
6325
6326
6327
6328
6329
6330
6331
6332
6333
6334
6335
6338
6339
6340
6341
6342
6343
6344
6345
6347
6348
6350
6351
6352
6353
6354
6355
6356
6357
6358
6359
6361
6362
6363
6364
6365
6366
6367
6368
6369
6370
6371
6372
6373
6374
6375
6376
6377
6378
6379
6380
6381
6382
6383
6384
6385
6386
6387
6388
6389
6390
6391
6392
6393
6394
6395
6396
6397
6398
6399
6400
6401
6402
6403
6404
6405
6406
6407
6408
6409
6410
6411
6412
6413
6414
6415
6416
6417
6418
6419
6420
6421
6422
6423
6424
6425
6426
6427
6428
6429
6430
6431
6432
6433
6434
6435
6436
6437
6438
6439
6440
6441
6442
6443
6444
6445
6446
6447
6448
6449
6450
6451
6452
6453
6454
6455
6456
6457
6458
6459
6460
6461
6462
6463
6464
6465
6466
6467
6468
6470
6471
6472
6473
6474
6475
6476
6477
6478
6479
6480
6481
6482
6485
6486
6487
6488
6489
6490
6491
6492
6493
6494
6495
6496
6497
6498
6499
6500
6502
6503
6504
6505
6506
6507
6508
6509
6510
6511
6512
6513
6514
6515
6517
6519
6520
6521
6522
6523
6524
6525
6526
6527
6528
6529
6530
6531
6532
6533
6534
6535
6536
6537
6538
6539
6540
6541
6542
6544
6545
6546
6547
6548
6549
6550
6551
6552
6553
6554
6555
6557
6560
6562
6563
6564
6565
6566
6568
6569
6571
6572
6573
6574
6575
6576
6577
6578
6579
6580
6581
6582
6583
6584
6585
6586
6587
6588
6589
6590
6591
6593
6594
6595
6596
6597
6598
6599
6600
6601
6602
6603
6604
6605
6606
6608
6609
6610
6611
6612
6613
6614
6615
6617
6618
6619
6620
6621
6622
6623
6624
6625
6626
6628
6629
6630
6631
6632
6633
6634
6635
6636
6637
6638
6639
6640
6641
6642
6644
6645
6646
6647
6648
6649
6650
6651
6654
6655
6656
6657
6658
6659
6660
6661
6662
6663
6664
6665
6666
6667
6668
6669
6670
6671
6672
6673
6674
6675
6676
6677
6678
6679
6680
6681
6683
6684
6685
6686
6688
6689
6690
6691
6693
6695
6696
6697
6698
6699
6702
6703
6704
6705
6706
6707
6708
6709
6711
6712
6713
6714
6717
6719
6720
6721
6729
6731
6732
6733
6734
6736
6737
6739
6740
6741
6742
6744
6745
6746
6748
6749
6750
6751
6752
6753
6754
6756
6757
150200
150202
150203
150204
150205
150206
150207
150208
150209
150210
150212
150214
150215
150216
150217
150218
150219
150220
150221
150222
150223
150224
150225
150226
150227
150228
150229
150230
150232
150233
150234
150237
150238
150239
150240
150241
150242
150243
150244
150245
150246
150247
150248
150249
150250
150251
150252
150254
150255
150256
150257
150258
150259
150260
150261
150262
150263
150264
150265
150266
150267
150268
150269
150270
150271
150273
150274
150275
150276
150277
150278
150279
150280
150281
150282
150283
150284
150285
150286
150287
150288
150289
150290
150291
150292
150293
150294
150296
150297
150298
150299
150300
150301
150302
150303
150304
150305
150306
150307
150308
150309
150310
150311
150312
150313
150314
150315
150316
150317
150319
150320
150323
150324
150325
150326
150327
150328
150329
150331
150332
150333
150334
150335
150336
150337
150338
150339
150340
150341
150342
150343
150344
150346
150347
150348
150349
150350
150352
150353
150354
150355
150357
150358
150359
150360
150361
150363
150364
150365
150366
150367
150368
150369
150370
150372
150373
150374
150375
150376
150377
150378
150379
150380
150381
150382
150384
150385
150386
150387
150388
150389
150390
150391
150392
150393
150394
150395
150396
150397
150398
150399
150400
150401
150402
150403
150404
150405
150406
150407
150408
150409
150410
150411
150412
150413
150415
150416
150417
150418
150419
150421
150422
150423
150425
150426
150427
150428
150429
150430
150431
150432
150433
150435
150436
150437
150438
150439
150440
150441
150442
150443
150444
150445
150447
150448
150450
150451
150452
150453
150454
150455
150456
150457
150458
150459
150460
150461
150462
150463
150464
150465
150466
150468
150470
150471
150472
150473
150474
150475
150476
150477
150478
150479
150480
150481
150482
150483
150484
150486
150487
150488
150489
150490
150491
150492
150493
150494
150495
150496
150497
150498
150499
150500
150501
150502
150503
150504
150505
150506
150507
150508
150509
150510
150511
150512
150513
150514
150515
150516
150517
150518
150519
150520
150521
150522
150523
150524
150525
150526
150528
150529
150530
150531
150532
150533
150534
150535
150536
150537
150538
150539
150540
150541
150542
150543
150544
150545
150546
150547
150548
150549
150550
150551
150552
150553
150554
150555
150556
150557
150558
150559
150560
150561
150562
150563
150564
150565
150566
150567
150568
150569
150570
150571
150572
150573
150574
150575
150576
150577
150578
150579
150580
150581
150582
150583
150584
150585
150586
150587
150588
150589
150590
150591
150592
150593
150594
150595
150596
150597
150598
150599
150600
150601
150602
150603
150604
150605
150606
150607
150608
150609
150610
150611
150612
150613
150614
150615
150616
150617
150618
150619
150620
150621
150622
150623
150624
150625
150626
150627
150628
150629
150630
150633
150635
150639
150641
150643
150647
150649
150651
150653
150655
150657
150658
150659
150660
150661
150662
150663
150664
150665
150666
150667
150668
150669
150670
150671
150672
150673
150674
150675
150676
150677
150678
150679
150680
150681
150682
150683
150684
150685
150686
150687
150688
150690
150692
150694
150696
150698
150703
150705
150707
150710
150712
150716
150718
150720
150724
150726
150730
150732
150734
150737
150739
150741
150742
150743
150744
150745
150746
150747
150748
150749
150750
150751
150752
150753
150754
150755
150756
150757
150758
150759
150760
150761
150762
150763
150764
150765
150767
150771
150773
150775
150779
150781
150785
150787
150789
150793
150794
150799
150801
150804
150805
150807
150808
150809
150814
150816
150817
150818
150820
150822
150823
150825
150827
150829
150832
150834
150836
150838
150840
150841
150844
150846
150849
150851
150853
150855
150857
150859
150861
150863
150865
150867
150869
150871
150882
150883
150884
150885
150886
150887
150888
150889
150890
150891
150892
150893
150894
150895
150896
150897
150930
150931
150932
150933
150934
150935
150936
150937
150938
150939
150940
150941
150942
150943
150944
150945
150978
150979
150980
150981
150982
150983
150984
150985
150986
150987
150988
150989
150990
150991
150992
150993
151026
151027
151028
151029
151030
151031
151032
151033
151034
151035
151036
151037
151038
151039
151040
151041
151042
151043
151044
151045
151046
151047
151049
151050
151051
151052
151053
151055
151056
151057
151058
151059
151062
151063
151064
151065
151066
151067
151068
151069
151070
151071
151072
151073
151075
151076
151077
151078
151080
151081
151082
151083
151085
151086
151087
151088
151089
151090
151092
151093
151094
151095
151096
151097
151098
151100
151102
151103
151104
151105
151106
151107
151108
151109
151110
151111
151112
151113
151114
151116
151117
151119
151120
151121
151122
151123
151124
151126
151127
151128
151130
151131
151132
151133
151134
151135
151136
151137
151139
151140
151141
151142
151143
151144
151146
151147
151148
151149
151150
151151
151152
151153
151154
151155
151156
151157
151158
151159
151160
151161
151162
151163
151164
151166
151167
151168
151169
151170
151171
151172
151173
151174
151175
151176
151177
151178
151179
151180
151181
151183
151184
151185
151186
151187
151190
151191
151192
151193
151194
151195
151196
151197
151198
151201
151202
151203
151204
151205
151206
151207
151208
151209
151210
151211
151212
151213
151214
151215
151216
151217
151218
151219
151221
151222
151223
151225
151226
151227
151228
151229
151230
151231
151232
151233
151234
151235
151236
151237
151238
151239
151240
151241
151242
151243
151244
151245
151246
151247
151248
151254
151255
151256
151258
151259
151261
151263
151264
151265
151266
151269
151270
151271
151272
151273
151274
151275
151276
151277
151278
151279
151281
151282
151283
151284
151285
151286
151287
151288
151289
151290
151291
151292
151293
151294
151295
151296
151297
151298
151300
151301
151302
151303
151304
151305
151306
151307
151309
151310
151311
151312
151313
151314
151315
151316
151317
151318
151319
151320
151321
151323
151324
151325
151326
151327
151328
151329
151332
151333
151334
151336
151337
151339
151340
151341
151342
151343
151345
151346
151347
151348
151349
151350
151351
151352
151353
151354
151355
151356
151357
151358
151359
151360
151361
151362
151363
151364
151365
151366
151367
151368
151369
151370
151371
151372
151373
151375
151376
151377
151379
151380
